3
4
6
7
8
9
11
14
16
18
20
22
24
26
27
29
31
33
34
35
36
37
38
39
40
41
42
43
44
45
46
47
48
49
50
51
52
53
54
55
56
57
60
61
62
64
65
66
67
68
70
71
73
74
76
77
78
79
82
84
85
86
87
88
89
93
94
96
98
100
101
103
106
108
109
112
113
114
116
118
119
122
123
128
129
131
133
135
136
137
138
139
140
143
146
147
149
151
153
154
156
157
159
161
162
164
166
168
169
172
173
174
176
177
180
182
183
185
187
189
192
194
196
197
200
201
203
205
208
210
215
217
220
221
224
225
228
229
230
232
234
235
237
242
243
246
247
250
251
254
255
257
258
259
260
261
262
263
266
268
269
272
273
275
276
277
278
279
280
281
282
283
284
285
286
287
288
289
291
292
293
294
295
296
297
298
299
300
301
302
303
304
305
306
307
308
309
310
311
313
316
317
318
319
320
321
322